   jpnij   jpimax  jpjmax    jpk  jpiglo  jpjglo ( local:    narea     jpi     jpj )
     840       6       4      75      57     124 ( local:        1       6       4 )
nproc nlci nlcj nldi nldj nlei nlej nimp njmp nono noso nowe noea nbondi nbondj 
    0    6    4    2    1    5    3   21    1    9   -1  669    1      0     -1
    1    6    4    2    1    5    3   25    1   10   -1    0    2      0     -1
    2    6    4    2    1    5    3   29    1   11   -1    1    3      0     -1
    3    6    4    2    1    5    3   33    1   12   -1    2    4      0     -1
    4    6    4    2    1    5    3   37    1   13   -1    3    5      0     -1
    5    6    4    2    1    5    3   41    1   14   -1    4    6      0     -1
    6    6    4    2    1    5    3   45    1   15   -1    5    7      0     -1
    7    6    4    2    1    5    3   49    1   16   -1    6    8      0     -1
    8    5    4    2    1    5    3   53    1   17   -1    7  670      1     -1
    9    6    4    2    2    5    3   21    3   18    0  674   10      0      0
   10    6    4    2    2    5    3   25    3   19    1    9   11      0      0
   11    6    4    2    2    5    3   29    3   20    2   10   12      0      0
   12    6    4    2    2    5    3   33    3   21    3   11   13      0      0
   13    6    4    2    2    5    3   37    3   22    4   12   14      0      0
   14    6    4    2    2    5    3   41    3   23    5   13   15      0      0
   15    6    4    2    2    5    3   45    3   24    6   14   16      0      0
   16    6    4    2    2    5    3   49    3   25    7   15   17      0      0
   17    5    4    2    2    5    3   53    3   26    8   16  675      1      0
   18    6    4    2    2    5    3   21    5  685    9  679   19      0      0
   19    6    4    2    2    5    3   25    5   27   10   18   20      0      0
   20    6    4    2    2    5    3   29    5   28   11   19   21      0      0
   21    6    4    2    2    5    3   33    5   29   12   20   22      0      0
   22    6    4    2    2    5    3   37    5   30   13   21   23      0      0
   23    6    4    2    2    5    3   41    5   31   14   22   24      0      0
   24    6    4    2    2    5    3   45    5   32   15   23   25      0      0
   25    6    4    2    2    5    3   49    5   33   16   24   26      0      0
   26    5    4    2    2    5    3   53    5   34   17   25  680      1      0
   27    6    4    2    2    5    3   25    7   35   19  685   28      0      0
   28    6    4    2    2    5    3   29    7   36   20   27   29      0      0
   29    6    4    2    2    5    3   33    7   37   21   28   30      0      0
   30    6    4    2    2    5    3   37    7   38   22   29   31      0      0
   31    6    4    2    2    5    3   41    7   39   23   30   32      0      0
   32    6    4    2    2    5    3   45    7   40   24   31   33      0      0
   33    6    4    2    2    5    3   49    7   41   25   32   34      0      0
   34    5    4    2    2    5    3   53    7   42   26   33  686      1      0
   35    6    4    2    2    5    3   25    9   44   27  691   36      0      0
   36    6    4    2    2    5    3   29    9   45   28   35   37      0      0
   37    6    4    2    2    5    3   33    9   46   29   36   38      0      0
   38    6    4    2    2    5    3   37    9   47   30   37   39      0      0
   39    6    4    2    2    5    3   41    9   48   31   38   40      0      0
   40    6    4    2    2    5    3   45    9   49   32   39   41      0      0
   41    6    4    2    2    5    3   49    9   50   33   40   42      0      0
   42    5    4    2    2    5    3   53    9   51   34   41  692      1      0
   43    6    4    2    2    5    3   21   11   52  691  696   44      0      0
   44    6    4    2    2    5    3   25   11   53   35   43   45      0      0
   45    6    4    2    2    5    3   29   11   54   36   44   46      0      0
   46    6    4    2    2    5    3   33   11   55   37   45   47      0      0
   47    6    4    2    2    5    3   37   11   56   38   46   48      0      0
   48    6    4    2    2    5    3   41   11   57   39   47   49      0      0
   49    6    4    2    2    5    3   45   11   58   40   48   50      0      0
   50    6    4    2    2    5    3   49   11   59   41   49   51      0      0
   51    5    4    2    2    5    3   53   11   60   42   50  697      1      0
   52    6    4    2    2    5    3   21   13   62   43  701   53      0      0
   53    6    4    2    2    5    3   25   13   63   44   52   54      0      0
   54    6    4    2    2    5    3   29   13   64   45   53   55      0      0
   55    6    4    2    2    5    3   33   13   65   46   54   56      0      0
   56    6    4    2    2    5    3   37   13   66   47   55   57      0      0
   57    6    4    2    2    5    3   41   13   67   48   56   58      0      0
   58    6    4    2    2    5    3   45   13   68   49   57   59      0      0
   59    6    4    2    2    5    3   49   13   69   50   58   60      0      0
   60    5    4    2    2    5    3   53   13   70   51   59  702      1      0
   61    6    4    2    2    5    3   17   15   72  701  705   62      0      0
   62    6    4    2    2    5    3   21   15   73   52   61   63      0      0
   63    6    4    2    2    5    3   25   15   74   53   62   64      0      0
   64    6    4    2    2    5    3   29   15   75   54   63   65      0      0
   65    6    4    2    2    5    3   33   15   76   55   64   66      0      0
   66    6    4    2    2    5    3   37   15   77   56   65   67      0      0
   67    6    4    2    2    5    3   41   15   78   57   66   68      0      0
   68    6    4    2    2    5    3   45   15   79   58   67   69      0      0
   69    6    4    2    2    5    3   49   15   80   59   68   70      0      0
   70    5    4    2    2    5    3   53   15   81   60   69  706      1      0
   71    6    4    2    2    5    3   13   17   82  705  708   72      0      0
   72    6    4    2    2    5    3   17   17   83   61   71   73      0      0
   73    6    4    2    2    5    3   21   17   84   62   72   74      0      0
   74    6    4    2    2    5    3   25   17   85   63   73   75      0      0
   75    6    4    2    2    5    3   29   17   86   64   74   76      0      0
   76    6    4    2    2    5    3   33   17   87   65   75   77      0      0
   77    6    4    2    2    5    3   37   17   88   66   76   78      0      0
   78    6    4    2    2    5    3   41   17   89   67   77   79      0      0
   79    6    4    2    2    5    3   45   17   90   68   78   80      0      0
   80    6    4    2    2    5    3   49   17   91   69   79   81      0      0
   81    5    4    2    2    5    3   53   17   92   70   80  709      1      0
   82    6    4    2    2    5    3   13   19   93   71  711   83      0      0
   83    6    4    2    2    5    3   17   19   94   72   82   84      0      0
   84    6    4    2    2    5    3   21   19   95   73   83   85      0      0
   85    6    4    2    2    5    3   25   19   96   74   84   86      0      0
   86    6    4    2    2    5    3   29   19   97   75   85   87      0      0
   87    6    4    2    2    5    3   33   19   98   76   86   88      0      0
   88    6    4    2    2    5    3   37   19   99   77   87   89      0      0
   89    6    4    2    2    5    3   41   19  100   78   88   90      0      0
   90    6    4    2    2    5    3   45   19  101   79   89   91      0      0
   91    6    4    2    2    5    3   49   19  102   80   90   92      0      0
   92    5    4    2    2    5    3   53   19  103   81   91  712      1      0
   93    6    4    2    2    5    3   13   21  104   82  714   94      0      0
   94    6    4    2    2    5    3   17   21  105   83   93   95      0      0
   95    6    4    2    2    5    3   21   21  106   84   94   96      0      0
   96    6    4    2    2    5    3   25   21  107   85   95   97      0      0
   97    6    4    2    2    5    3   29   21  108   86   96   98      0      0
   98    6    4    2    2    5    3   33   21  109   87   97   99      0      0
   99    6    4    2    2    5    3   37   21  110   88   98  100      0      0
  100    6    4    2    2    5    3   41   21  111   89   99  101      0      0
  101    6    4    2    2    5    3   45   21  112   90  100  102      0      0
  102    6    4    2    2    5    3   49   21  113   91  101  103      0      0
  103    5    4    2    2    5    3   53   21  114   92  102  715      1      0
  104    6    4    2    2    5    3   13   23  115   93  717  105      0      0
  105    6    4    2    2    5    3   17   23  116   94  104  106      0      0
  106    6    4    2    2    5    3   21   23  117   95  105  107      0      0
  107    6    4    2    2    5    3   25   23  118   96  106  108      0      0
  108    6    4    2    2    5    3   29   23  119   97  107  109      0      0
  109    6    4    2    2    5    3   33   23  120   98  108  110      0      0
  110    6    4    2    2    5    3   37   23  121   99  109  111      0      0
  111    6    4    2    2    5    3   41   23  122  100  110  112      0      0
  112    6    4    2    2    5    3   45   23  123  101  111  113      0      0
  113    6    4    2    2    5    3   49   23  124  102  112  114      0      0
  114    5    4    2    2    5    3   53   23  125  103  113  718      1      0
  115    6    4    2    2    5    3   13   25  126  104  720  116      0      0
  116    6    4    2    2    5    3   17   25  127  105  115  117      0      0
  117    6    4    2    2    5    3   21   25  128  106  116  118      0      0
  118    6    4    2    2    5    3   25   25  129  107  117  119      0      0
  119    6    4    2    2    5    3   29   25  130  108  118  120      0      0
  120    6    4    2    2    5    3   33   25  131  109  119  121      0      0
  121    6    4    2    2    5    3   37   25  132  110  120  122      0      0
  122    6    4    2    2    5    3   41   25  133  111  121  123      0      0
  123    6    4    2    2    5    3   45   25  134  112  122  124      0      0
  124    6    4    2    2    5    3   49   25  135  113  123  125      0      0
  125    5    4    2    2    5    3   53   25  136  114  124  721      1      0
  126    6    4    2    2    5    3   13   27  137  115  723  127      0      0
  127    6    4    2    2    5    3   17   27  138  116  126  128      0      0
  128    6    4    2    2    5    3   21   27  139  117  127  129      0      0
  129    6    4    2    2    5    3   25   27  140  118  128  130      0      0
  130    6    4    2    2    5    3   29   27  141  119  129  131      0      0
  131    6    4    2    2    5    3   33   27  142  120  130  132      0      0
  132    6    4    2    2    5    3   37   27  143  121  131  133      0      0
  133    6    4    2    2    5    3   41   27  144  122  132  134      0      0
  134    6    4    2    2    5    3   45   27  145  123  133  135      0      0
  135    6    4    2    2    5    3   49   27  146  124  134  136      0      0
  136    5    4    2    2    5    3   53   27  147  125  135  724      1      0
  137    6    4    2    2    5    3   13   29  149  126  726  138      0      0
  138    6    4    2    2    5    3   17   29  150  127  137  139      0      0
  139    6    4    2    2    5    3   21   29  151  128  138  140      0      0
  140    6    4    2    2    5    3   25   29  152  129  139  141      0      0
  141    6    4    2    2    5    3   29   29  153  130  140  142      0      0
  142    6    4    2    2    5    3   33   29  154  131  141  143      0      0
  143    6    4    2    2    5    3   37   29  155  132  142  144      0      0
  144    6    4    2    2    5    3   41   29  156  133  143  145      0      0
  145    6    4    2    2    5    3   45   29  157  134  144  146      0      0
  146    6    4    2    2    5    3   49   29  158  135  145  147      0      0
  147    5    4    2    2    5    3   53   29  159  136  146  727      1      0
  148    6    4    2    2    5    3    9   31  160  726  728  149      0      0
  149    6    4    2    2    5    3   13   31  161  137  148  150      0      0
  150    6    4    2    2    5    3   17   31  162  138  149  151      0      0
  151    6    4    2    2    5    3   21   31  163  139  150  152      0      0
  152    6    4    2    2    5    3   25   31  164  140  151  153      0      0
  153    6    4    2    2    5    3   29   31  165  141  152  154      0      0
  154    6    4    2    2    5    3   33   31  166  142  153  155      0      0
  155    6    4    2    2    5    3   37   31  167  143  154  156      0      0
  156    6    4    2    2    5    3   41   31  168  144  155  157      0      0
  157    6    4    2    2    5    3   45   31  169  145  156  158      0      0
  158    6    4    2    2    5    3   49   31  170  146  157  159      0      0
  159    5    4    2    2    5    3   53   31  171  147  158  729      1      0
  160    6    4    2    2    5    3    9   33  172  148  730  161      0      0
  161    6    4    2    2    5    3   13   33  173  149  160  162      0      0
  162    6    4    2    2    5    3   17   33  174  150  161  163      0      0
  163    6    4    2    2    5    3   21   33  175  151  162  164      0      0
  164    6    4    2    2    5    3   25   33  176  152  163  165      0      0
  165    6    4    2    2    5    3   29   33  177  153  164  166      0      0
  166    6    4    2    2    5    3   33   33  178  154  165  167      0      0
  167    6    4    2    2    5    3   37   33  179  155  166  168      0      0
  168    6    4    2    2    5    3   41   33  180  156  167  169      0      0
  169    6    4    2    2    5    3   45   33  181  157  168  170      0      0
  170    6    4    2    2    5    3   49   33  182  158  169  171      0      0
  171    5    4    2    2    5    3   53   33  183  159  170  731      1      0
  172    6    4    2    2    5    3    9   35  184  160  732  173      0      0
  173    6    4    2    2    5    3   13   35  185  161  172  174      0      0
  174    6    4    2    2    5    3   17   35  186  162  173  175      0      0
  175    6    4    2    2    5    3   21   35  187  163  174  176      0      0
  176    6    4    2    2    5    3   25   35  188  164  175  177      0      0
  177    6    4    2    2    5    3   29   35  189  165  176  178      0      0
  178    6    4    2    2    5    3   33   35  190  166  177  179      0      0
  179    6    4    2    2    5    3   37   35  191  167  178  180      0      0
  180    6    4    2    2    5    3   41   35  192  168  179  181      0      0
  181    6    4    2    2    5    3   45   35  193  169  180  182      0      0
  182    6    4    2    2    5    3   49   35  194  170  181  183      0      0
  183    5    4    2    2    5    3   53   35  195  171  182  733      1      0
  184    6    4    2    2    5    3    9   37  196  172  734  185      0      0
  185    6    4    2    2    5    3   13   37  197  173  184  186      0      0
  186    6    4    2    2    5    3   17   37  198  174  185  187      0      0
  187    6    4    2    2    5    3   21   37  199  175  186  188      0      0
  188    6    4    2    2    5    3   25   37  200  176  187  189      0      0
  189    6    4    2    2    5    3   29   37  201  177  188  190      0      0
  190    6    4    2    2    5    3   33   37  202  178  189  191      0      0
  191    6    4    2    2    5    3   37   37  203  179  190  192      0      0
  192    6    4    2    2    5    3   41   37  204  180  191  193      0      0
  193    6    4    2    2    5    3   45   37  205  181  192  194      0      0
  194    6    4    2    2    5    3   49   37  206  182  193  195      0      0
  195    5    4    2    2    5    3   53   37  207  183  194  735      1      0
  196    6    4    2    2    5    3    9   39  208  184  736  197      0      0
  197    6    4    2    2    5    3   13   39  209  185  196  198      0      0
  198    6    4    2    2    5    3   17   39  210  186  197  199      0      0
  199    6    4    2    2    5    3   21   39  211  187  198  200      0      0
  200    6    4    2    2    5    3   25   39  212  188  199  201      0      0
  201    6    4    2    2    5    3   29   39  213  189  200  202      0      0
  202    6    4    2    2    5    3   33   39  214  190  201  203      0      0
  203    6    4    2    2    5    3   37   39  215  191  202  204      0      0
  204    6    4    2    2    5    3   41   39  216  192  203  205      0      0
  205    6    4    2    2    5    3   45   39  217  193  204  206      0      0
  206    6    4    2    2    5    3   49   39  218  194  205  207      0      0
  207    5    4    2    2    5    3   53   39  219  195  206  737      1      0
  208    6    4    2    2    5    3    9   41  220  196  738  209      0      0
  209    6    4    2    2    5    3   13   41  221  197  208  210      0      0
  210    6    4    2    2    5    3   17   41  222  198  209  211      0      0
  211    6    4    2    2    5    3   21   41  223  199  210  212      0      0
  212    6    4    2    2    5    3   25   41  224  200  211  213      0      0
  213    6    4    2    2    5    3   29   41  225  201  212  214      0      0
  214    6    4    2    2    5    3   33   41  226  202  213  215      0      0
  215    6    4    2    2    5    3   37   41  227  203  214  216      0      0
  216    6    4    2    2    5    3   41   41  228  204  215  217      0      0
  217    6    4    2    2    5    3   45   41  229  205  216  218      0      0
  218    6    4    2    2    5    3   49   41  230  206  217  219      0      0
  219    5    4    2    2    5    3   53   41  231  207  218  739      1      0
  220    6    4    2    2    5    3    9   43  232  208  740  221      0      0
  221    6    4    2    2    5    3   13   43  233  209  220  222      0      0
  222    6    4    2    2    5    3   17   43  234  210  221  223      0      0
  223    6    4    2    2    5    3   21   43  235  211  222  224      0      0
  224    6    4    2    2    5    3   25   43  236  212  223  225      0      0
  225    6    4    2    2    5    3   29   43  237  213  224  226      0      0
  226    6    4    2    2    5    3   33   43  238  214  225  227      0      0
  227    6    4    2    2    5    3   37   43  239  215  226  228      0      0
  228    6    4    2    2    5    3   41   43  240  216  227  229      0      0
  229    6    4    2    2    5    3   45   43  241  217  228  230      0      0
  230    6    4    2    2    5    3   49   43  242  218  229  231      0      0
  231    5    4    2    2    5    3   53   43  243  219  230  741      1      0
  232    6    4    2    2    5    3    9   45  244  220  742  233      0      0
  233    6    4    2    2    5    3   13   45  245  221  232  234      0      0
  234    6    4    2    2    5    3   17   45  246  222  233  235      0      0
  235    6    4    2    2    5    3   21   45  247  223  234  236      0      0
  236    6    4    2    2    5    3   25   45  248  224  235  237      0      0
  237    6    4    2    2    5    3   29   45  249  225  236  238      0      0
  238    6    4    2    2    5    3   33   45  250  226  237  239      0      0
  239    6    4    2    2    5    3   37   45  251  227  238  240      0      0
  240    6    4    2    2    5    3   41   45  252  228  239  241      0      0
  241    6    4    2    2    5    3   45   45  253  229  240  242      0      0
  242    6    4    2    2    5    3   49   45  254  230  241  243      0      0
  243    5    4    2    2    5    3   53   45  255  231  242  743      1      0
  244    6    4    2    2    5    3    9   47  256  232  744  245      0      0
  245    6    4    2    2    5    3   13   47  257  233  244  246      0      0
  246    6    4    2    2    5    3   17   47  258  234  245  247      0      0
  247    6    4    2    2    5    3   21   47  259  235  246  248      0      0
  248    6    4    2    2    5    3   25   47  260  236  247  249      0      0
  249    6    4    2    2    5    3   29   47  261  237  248  250      0      0
  250    6    4    2    2    5    3   33   47  262  238  249  251      0      0
  251    6    4    2    2    5    3   37   47  263  239  250  252      0      0
  252    6    4    2    2    5    3   41   47  264  240  251  253      0      0
  253    6    4    2    2    5    3   45   47  265  241  252  254      0      0
  254    6    4    2    2    5    3   49   47  266  242  253  255      0      0
  255    5    4    2    2    5    3   53   47  267  243  254  745      1      0
  256    6    4    2    2    5    3    9   49  268  244  746  257      0      0
  257    6    4    2    2    5    3   13   49  269  245  256  258      0      0
  258    6    4    2    2    5    3   17   49  270  246  257  259      0      0
  259    6    4    2    2    5    3   21   49  271  247  258  260      0      0
  260    6    4    2    2    5    3   25   49  272  248  259  261      0      0
  261    6    4    2    2    5    3   29   49  273  249  260  262      0      0
  262    6    4    2    2    5    3   33   49  274  250  261  263      0      0
  263    6    4    2    2    5    3   37   49  275  251  262  264      0      0
  264    6    4    2    2    5    3   41   49  276  252  263  265      0      0
  265    6    4    2    2    5    3   45   49  277  253  264  266      0      0
  266    6    4    2    2    5    3   49   49  278  254  265  267      0      0
  267    5    4    2    2    5    3   53   49  279  255  266  747      1      0
  268    6    4    2    2    5    3    9   51  280  256  748  269      0      0
  269    6    4    2    2    5    3   13   51  281  257  268  270      0      0
  270    6    4    2    2    5    3   17   51  282  258  269  271      0      0
  271    6    4    2    2    5    3   21   51  283  259  270  272      0      0
  272    6    4    2    2    5    3   25   51  284  260  271  273      0      0
  273    6    4    2    2    5    3   29   51  285  261  272  274      0      0
  274    6    4    2    2    5    3   33   51  286  262  273  275      0      0
  275    6    4    2    2    5    3   37   51  287  263  274  276      0      0
  276    6    4    2    2    5    3   41   51  288  264  275  277      0      0
  277    6    4    2    2    5    3   45   51  289  265  276  278      0      0
  278    6    4    2    2    5    3   49   51  290  266  277  279      0      0
  279    5    4    2    2    5    3   53   51  291  267  278  749      1      0
  280    6    4    2    2    5    3    9   53  292  268  750  281      0      0
  281    6    4    2    2    5    3   13   53  293  269  280  282      0      0
  282    6    4    2    2    5    3   17   53  294  270  281  283      0      0
  283    6    4    2    2    5    3   21   53  295  271  282  284      0      0
  284    6    4    2    2    5    3   25   53  296  272  283  285      0      0
  285    6    4    2    2    5    3   29   53  297  273  284  286      0      0
  286    6    4    2    2    5    3   33   53  298  274  285  287      0      0
  287    6    4    2    2    5    3   37   53  299  275  286  288      0      0
  288    6    4    2    2    5    3   41   53  300  276  287  289      0      0
  289    6    4    2    2    5    3   45   53  301  277  288  290      0      0
  290    6    4    2    2    5    3   49   53  302  278  289  291      0      0
  291    5    4    2    2    5    3   53   53  303  279  290  751      1      0
  292    6    4    2    2    5    3    9   55  304  280  752  293      0      0
  293    6    4    2    2    5    3   13   55  305  281  292  294      0      0
  294    6    4    2    2    5    3   17   55  306  282  293  295      0      0
  295    6    4    2    2    5    3   21   55  307  283  294  296      0      0
  296    6    4    2    2    5    3   25   55  308  284  295  297      0      0
  297    6    4    2    2    5    3   29   55  309  285  296  298      0      0
  298    6    4    2    2    5    3   33   55  310  286  297  299      0      0
  299    6    4    2    2    5    3   37   55  311  287  298  300      0      0
  300    6    4    2    2    5    3   41   55  312  288  299  301      0      0
  301    6    4    2    2    5    3   45   55  313  289  300  302      0      0
  302    6    4    2    2    5    3   49   55  314  290  301  303      0      0
  303    5    4    2    2    5    3   53   55  315  291  302  753      1      0
  304    6    4    2    2    5    3    9   57  317  292  754  305      0      0
  305    6    4    2    2    5    3   13   57  318  293  304  306      0      0
  306    6    4    2    2    5    3   17   57  319  294  305  307      0      0
  307    6    4    2    2    5    3   21   57  320  295  306  308      0      0
  308    6    4    2    2    5    3   25   57  321  296  307  309      0      0
  309    6    4    2    2    5    3   29   57  322  297  308  310      0      0
  310    6    4    2    2    5    3   33   57  323  298  309  311      0      0
  311    6    4    2    2    5    3   37   57  324  299  310  312      0      0
  312    6    4    2    2    5    3   41   57  325  300  311  313      0      0
  313    6    4    2    2    5    3   45   57  326  301  312  314      0      0
  314    6    4    2    2    5    3   49   57  327  302  313  315      0      0
  315    5    4    2    2    5    3   53   57  328  303  314  755      1      0
  316    6    4    2    2    5    3    5   59  330  754  755  317      0      0
  317    6    4    2    2    5    3    9   59  331  304  316  318      0      0
  318    6    4    2    2    5    3   13   59  332  305  317  319      0      0
  319    6    4    2    2    5    3   17   59  333  306  318  320      0      0
  320    6    4    2    2    5    3   21   59  334  307  319  321      0      0
  321    6    4    2    2    5    3   25   59  335  308  320  322      0      0
  322    6    4    2    2    5    3   29   59  336  309  321  323      0      0
  323    6    4    2    2    5    3   33   59  337  310  322  324      0      0
  324    6    4    2    2    5    3   37   59  338  311  323  325      0      0
  325    6    4    2    2    5    3   41   59  339  312  324  326      0      0
  326    6    4    2    2    5    3   45   59  340  313  325  327      0      0
  327    6    4    2    2    5    3   49   59  341  314  326  328      0      0
  328    5    4    2    2    5    3   53   59  342  315  327  329      1      0
  329    6    4    1    2    5    3    1   61  343  755  328  330     -1      0
  330    6    4    2    2    5    3    5   61  344  316  329  331      0      0
  331    6    4    2    2    5    3    9   61  345  317  330  332      0      0
  332    6    4    2    2    5    3   13   61  346  318  331  333      0      0
  333    6    4    2    2    5    3   17   61  347  319  332  334      0      0
  334    6    4    2    2    5    3   21   61  348  320  333  335      0      0
  335    6    4    2    2    5    3   25   61  349  321  334  336      0      0
  336    6    4    2    2    5    3   29   61  350  322  335  337      0      0
  337    6    4    2    2    5    3   33   61  351  323  336  338      0      0
  338    6    4    2    2    5    3   37   61  352  324  337  339      0      0
  339    6    4    2    2    5    3   41   61  353  325  338  340      0      0
  340    6    4    2    2    5    3   45   61  354  326  339  341      0      0
  341    6    4    2    2    5    3   49   61  355  327  340  342      0      0
  342    5    4    2    2    5    3   53   61  356  328  341  343      1      0
  343    6    4    1    2    5    3    1   63  357  329  342  344     -1      0
  344    6    4    2    2    5    3    5   63  358  330  343  345      0      0
  345    6    4    2    2    5    3    9   63  359  331  344  346      0      0
  346    6    4    2    2    5    3   13   63  360  332  345  347      0      0
  347    6    4    2    2    5    3   17   63  361  333  346  348      0      0
  348    6    4    2    2    5    3   21   63  362  334  347  349      0      0
  349    6    4    2    2    5    3   25   63  363  335  348  350      0      0
  350    6    4    2    2    5    3   29   63  364  336  349  351      0      0
  351    6    4    2    2    5    3   33   63  365  337  350  352      0      0
  352    6    4    2    2    5    3   37   63  366  338  351  353      0      0
  353    6    4    2    2    5    3   41   63  367  339  352  354      0      0
  354    6    4    2    2    5    3   45   63  368  340  353  355      0      0
  355    6    4    2    2    5    3   49   63  369  341  354  356      0      0
  356    5    4    2    2    5    3   53   63  370  342  355  357      1      0
  357    6    4    1    2    5    3    1   65  371  343  356  358     -1      0
  358    6    4    2    2    5    3    5   65  372  344  357  359      0      0
  359    6    4    2    2    5    3    9   65  373  345  358  360      0      0
  360    6    4    2    2    5    3   13   65  374  346  359  361      0      0
  361    6    4    2    2    5    3   17   65  375  347  360  362      0      0
  362    6    4    2    2    5    3   21   65  376  348  361  363      0      0
  363    6    4    2    2    5    3   25   65  377  349  362  364      0      0
  364    6    4    2    2    5    3   29   65  378  350  363  365      0      0
  365    6    4    2    2    5    3   33   65  379  351  364  366      0      0
  366    6    4    2    2    5    3   37   65  380  352  365  367      0      0
  367    6    4    2    2    5    3   41   65  381  353  366  368      0      0
  368    6    4    2    2    5    3   45   65  382  354  367  369      0      0
  369    6    4    2    2    5    3   49   65  383  355  368  370      0      0
  370    5    4    2    2    5    3   53   65  384  356  369  371      1      0
  371    6    4    1    2    5    3    1   67  385  357  370  372     -1      0
  372    6    4    2    2    5    3    5   67  386  358  371  373      0      0
  373    6    4    2    2    5    3    9   67  387  359  372  374      0      0
  374    6    4    2    2    5    3   13   67  388  360  373  375      0      0
  375    6    4    2    2    5    3   17   67  389  361  374  376      0      0
  376    6    4    2    2    5    3   21   67  390  362  375  377      0      0
  377    6    4    2    2    5    3   25   67  391  363  376  378      0      0
  378    6    4    2    2    5    3   29   67  392  364  377  379      0      0
  379    6    4    2    2    5    3   33   67  393  365  378  380      0      0
  380    6    4    2    2    5    3   37   67  394  366  379  381      0      0
  381    6    4    2    2    5    3   41   67  395  367  380  382      0      0
  382    6    4    2    2    5    3   45   67  396  368  381  383      0      0
  383    6    4    2    2    5    3   49   67  397  369  382  384      0      0
  384    5    4    2    2    5    3   53   67  398  370  383  385      1      0
  385    6    4    1    2    5    3    1   69  756  371  384  386     -1      0
  386    6    4    2    2    5    3    5   69  399  372  385  387      0      0
  387    6    4    2    2    5    3    9   69  400  373  386  388      0      0
  388    6    4    2    2    5    3   13   69  401  374  387  389      0      0
  389    6    4    2    2    5    3   17   69  402  375  388  390      0      0
  390    6    4    2    2    5    3   21   69  403  376  389  391      0      0
  391    6    4    2    2    5    3   25   69  404  377  390  392      0      0
  392    6    4    2    2    5    3   29   69  405  378  391  393      0      0
  393    6    4    2    2    5    3   33   69  406  379  392  394      0      0
  394    6    4    2    2    5    3   37   69  407  380  393  395      0      0
  395    6    4    2    2    5    3   41   69  408  381  394  396      0      0
  396    6    4    2    2    5    3   45   69  409  382  395  397      0      0
  397    6    4    2    2    5    3   49   69  410  383  396  398      0      0
  398    5    4    2    2    5    3   53   69  411  384  397  756      1      0
  399    6    4    2    2    5    3    5   71  412  386  756  400      0      0
  400    6    4    2    2    5    3    9   71  413  387  399  401      0      0
  401    6    4    2    2    5    3   13   71  414  388  400  402      0      0
  402    6    4    2    2    5    3   17   71  415  389  401  403      0      0
  403    6    4    2    2    5    3   21   71  416  390  402  404      0      0
  404    6    4    2    2    5    3   25   71  417  391  403  405      0      0
  405    6    4    2    2    5    3   29   71  418  392  404  406      0      0
  406    6    4    2    2    5    3   33   71  419  393  405  407      0      0
  407    6    4    2    2    5    3   37   71  420  394  406  408      0      0
  408    6    4    2    2    5    3   41   71  421  395  407  409      0      0
  409    6    4    2    2    5    3   45   71  422  396  408  410      0      0
  410    6    4    2    2    5    3   49   71  423  397  409  411      0      0
  411    5    4    2    2    5    3   53   71  424  398  410  757      1      0
  412    6    4    2    2    5    3    5   73  425  399  757  413      0      0
  413    6    4    2    2    5    3    9   73  426  400  412  414      0      0
  414    6    4    2    2    5    3   13   73  427  401  413  415      0      0
  415    6    4    2    2    5    3   17   73  428  402  414  416      0      0
  416    6    4    2    2    5    3   21   73  429  403  415  417      0      0
  417    6    4    2    2    5    3   25   73  430  404  416  418      0      0
  418    6    4    2    2    5    3   29   73  431  405  417  419      0      0
  419    6    4    2    2    5    3   33   73  432  406  418  420      0      0
  420    6    4    2    2    5    3   37   73  433  407  419  421      0      0
  421    6    4    2    2    5    3   41   73  434  408  420  422      0      0
  422    6    4    2    2    5    3   45   73  435  409  421  423      0      0
  423    6    4    2    2    5    3   49   73  436  410  422  424      0      0
  424    5    4    2    2    5    3   53   73  437  411  423  758      1      0
  425    6    4    2    2    5    3    5   75  438  412  758  426      0      0
  426    6    4    2    2    5    3    9   75  439  413  425  427      0      0
  427    6    4    2    2    5    3   13   75  440  414  426  428      0      0
  428    6    4    2    2    5    3   17   75  441  415  427  429      0      0
  429    6    4    2    2    5    3   21   75  442  416  428  430      0      0
  430    6    4    2    2    5    3   25   75  443  417  429  431      0      0
  431    6    4    2    2    5    3   29   75  444  418  430  432      0      0
  432    6    4    2    2    5    3   33   75  445  419  431  433      0      0
  433    6    4    2    2    5    3   37   75  446  420  432  434      0      0
  434    6    4    2    2    5    3   41   75  447  421  433  435      0      0
  435    6    4    2    2    5    3   45   75  448  422  434  436      0      0
  436    6    4    2    2    5    3   49   75  449  423  435  437      0      0
  437    5    4    2    2    5    3   53   75  450  424  436  759      1      0
  438    6    4    2    2    5    3    5   77  451  425  759  439      0      0
  439    6    4    2    2    5    3    9   77  452  426  438  440      0      0
  440    6    4    2    2    5    3   13   77  453  427  439  441      0      0
  441    6    4    2    2    5    3   17   77  454  428  440  442      0      0
  442    6    4    2    2    5    3   21   77  455  429  441  443      0      0
  443    6    4    2    2    5    3   25   77  456  430  442  444      0      0
  444    6    4    2    2    5    3   29   77  457  431  443  445      0      0
  445    6    4    2    2    5    3   33   77  458  432  444  446      0      0
  446    6    4    2    2    5    3   37   77  459  433  445  447      0      0
  447    6    4    2    2    5    3   41   77  460  434  446  448      0      0
  448    6    4    2    2    5    3   45   77  461  435  447  449      0      0
  449    6    4    2    2    5    3   49   77  462  436  448  450      0      0
  450    5    4    2    2    5    3   53   77  463  437  449  760      1      0
  451    6    4    2    2    5    3    5   79  464  438  760  452      0      0
  452    6    4    2    2    5    3    9   79  465  439  451  453      0      0
  453    6    4    2    2    5    3   13   79  466  440  452  454      0      0
  454    6    4    2    2    5    3   17   79  467  441  453  455      0      0
  455    6    4    2    2    5    3   21   79  468  442  454  456      0      0
  456    6    4    2    2    5    3   25   79  469  443  455  457      0      0
  457    6    4    2    2    5    3   29   79  470  444  456  458      0      0
  458    6    4    2    2    5    3   33   79  471  445  457  459      0      0
  459    6    4    2    2    5    3   37   79  472  446  458  460      0      0
  460    6    4    2    2    5    3   41   79  473  447  459  461      0      0
  461    6    4    2    2    5    3   45   79  474  448  460  462      0      0
  462    6    4    2    2    5    3   49   79  475  449  461  463      0      0
  463    5    4    2    2    5    3   53   79  476  450  462  761      1      0
  464    6    4    2    2    5    3    5   81  763  451  761  465      0      0
  465    6    4    2    2    5    3    9   81  477  452  464  466      0      0
  466    6    4    2    2    5    3   13   81  478  453  465  467      0      0
  467    6    4    2    2    5    3   17   81  479  454  466  468      0      0
  468    6    4    2    2    5    3   21   81  480  455  467  469      0      0
  469    6    4    2    2    5    3   25   81  481  456  468  470      0      0
  470    6    4    2    2    5    3   29   81  482  457  469  471      0      0
  471    6    4    2    2    5    3   33   81  483  458  470  472      0      0
  472    6    4    2    2    5    3   37   81  484  459  471  473      0      0
  473    6    4    2    2    5    3   41   81  485  460  472  474      0      0
  474    6    4    2    2    5    3   45   81  486  461  473  475      0      0
  475    6    4    2    2    5    3   49   81  487  462  474  476      0      0
  476    5    4    2    2    5    3   53   81  488  463  475  762      1      0
  477    6    4    2    2    5    3    9   83  489  465  763  478      0      0
  478    6    4    2    2    5    3   13   83  490  466  477  479      0      0
  479    6    4    2    2    5    3   17   83  491  467  478  480      0      0
  480    6    4    2    2    5    3   21   83  492  468  479  481      0      0
  481    6    4    2    2    5    3   25   83  493  469  480  482      0      0
  482    6    4    2    2    5    3   29   83  494  470  481  483      0      0
  483    6    4    2    2    5    3   33   83  495  471  482  484      0      0
  484    6    4    2    2    5    3   37   83  496  472  483  485      0      0
  485    6    4    2    2    5    3   41   83  497  473  484  486      0      0
  486    6    4    2    2    5    3   45   83  498  474  485  487      0      0
  487    6    4    2    2    5    3   49   83  499  475  486  488      0      0
  488    5    4    2    2    5    3   53   83  500  476  487  764      1      0
  489    6    4    2    2    5    3    9   85  501  477  765  490      0      0
  490    6    4    2    2    5    3   13   85  502  478  489  491      0      0
  491    6    4    2    2    5    3   17   85  503  479  490  492      0      0
  492    6    4    2    2    5    3   21   85  504  480  491  493      0      0
  493    6    4    2    2    5    3   25   85  505  481  492  494      0      0
  494    6    4    2    2    5    3   29   85  506  482  493  495      0      0
  495    6    4    2    2    5    3   33   85  507  483  494  496      0      0
  496    6    4    2    2    5    3   37   85  508  484  495  497      0      0
  497    6    4    2    2    5    3   41   85  509  485  496  498      0      0
  498    6    4    2    2    5    3   45   85  510  486  497  499      0      0
  499    6    4    2    2    5    3   49   85  511  487  498  500      0      0
  500    5    4    2    2    5    3   53   85  512  488  499  766      1      0
  501    6    4    2    2    5    3    9   87  770  489  767  502      0      0
  502    6    4    2    2    5    3   13   87  513  490  501  503      0      0
  503    6    4    2    2    5    3   17   87  514  491  502  504      0      0
  504    6    4    2    2    5    3   21   87  515  492  503  505      0      0
  505    6    4    2    2    5    3   25   87  516  493  504  506      0      0
  506    6    4    2    2    5    3   29   87  517  494  505  507      0      0
  507    6    4    2    2    5    3   33   87  518  495  506  508      0      0
  508    6    4    2    2    5    3   37   87  519  496  507  509      0      0
  509    6    4    2    2    5    3   41   87  520  497  508  510      0      0
  510    6    4    2    2    5    3   45   87  521  498  509  511      0      0
  511    6    4    2    2    5    3   49   87  522  499  510  512      0      0
  512    5    4    2    2    5    3   53   87  523  500  511  768      1      0
  513    6    4    2    2    5    3   13   89  524  502  770  514      0      0
  514    6    4    2    2    5    3   17   89  525  503  513  515      0      0
  515    6    4    2    2    5    3   21   89  526  504  514  516      0      0
  516    6    4    2    2    5    3   25   89  527  505  515  517      0      0
  517    6    4    2    2    5    3   29   89  528  506  516  518      0      0
  518    6    4    2    2    5    3   33   89  529  507  517  519      0      0
  519    6    4    2    2    5    3   37   89  530  508  518  520      0      0
  520    6    4    2    2    5    3   41   89  531  509  519  521      0      0
  521    6    4    2    2    5    3   45   89  532  510  520  522      0      0
  522    6    4    2    2    5    3   49   89  533  511  521  523      0      0
  523    5    4    2    2    5    3   53   89  534  512  522  771      1      0
  524    6    4    2    2    5    3   13   91  535  513  773  525      0      0
  525    6    4    2    2    5    3   17   91  536  514  524  526      0      0
  526    6    4    2    2    5    3   21   91  537  515  525  527      0      0
  527    6    4    2    2    5    3   25   91  538  516  526  528      0      0
  528    6    4    2    2    5    3   29   91  539  517  527  529      0      0
  529    6    4    2    2    5    3   33   91  540  518  528  530      0      0
  530    6    4    2    2    5    3   37   91  541  519  529  531      0      0
  531    6    4    2    2    5    3   41   91  542  520  530  532      0      0
  532    6    4    2    2    5    3   45   91  543  521  531  533      0      0
  533    6    4    2    2    5    3   49   91  544  522  532  534      0      0
  534    5    4    2    2    5    3   53   91  545  523  533  774      1      0
  535    6    4    2    2    5    3   13   93  546  524  776  536      0      0
  536    6    4    2    2    5    3   17   93  547  525  535  537      0      0
  537    6    4    2    2    5    3   21   93  548  526  536  538      0      0
  538    6    4    2    2    5    3   25   93  549  527  537  539      0      0
  539    6    4    2    2    5    3   29   93  550  528  538  540      0      0
  540    6    4    2    2    5    3   33   93  551  529  539  541      0      0
  541    6    4    2    2    5    3   37   93  552  530  540  542      0      0
  542    6    4    2    2    5    3   41   93  553  531  541  543      0      0
  543    6    4    2    2    5    3   45   93  554  532  542  544      0      0
  544    6    4    2    2    5    3   49   93  555  533  543  545      0      0
  545    5    4    2    2    5    3   53   93  556  534  544  777      1      0
  546    6    4    2    2    5    3   13   95  783  535  779  547      0      0
  547    6    4    2    2    5    3   17   95  557  536  546  548      0      0
  548    6    4    2    2    5    3   21   95  558  537  547  549      0      0
  549    6    4    2    2    5    3   25   95  559  538  548  550      0      0
  550    6    4    2    2    5    3   29   95  560  539  549  551      0      0
  551    6    4    2    2    5    3   33   95  561  540  550  552      0      0
  552    6    4    2    2    5    3   37   95  562  541  551  553      0      0
  553    6    4    2    2    5    3   41   95  563  542  552  554      0      0
  554    6    4    2    2    5    3   45   95  564  543  553  555      0      0
  555    6    4    2    2    5    3   49   95  565  544  554  556      0      0
  556    5    4    2    2    5    3   53   95  566  545  555  780      1      0
  557    6    4    2    2    5    3   17   97  567  547  783  558      0      0
  558    6    4    2    2    5    3   21   97  568  548  557  559      0      0
  559    6    4    2    2    5    3   25   97  569  549  558  560      0      0
  560    6    4    2    2    5    3   29   97  570  550  559  561      0      0
  561    6    4    2    2    5    3   33   97  571  551  560  562      0      0
  562    6    4    2    2    5    3   37   97  572  552  561  563      0      0
  563    6    4    2    2    5    3   41   97  573  553  562  564      0      0
  564    6    4    2    2    5    3   45   97  574  554  563  565      0      0
  565    6    4    2    2    5    3   49   97  575  555  564  566      0      0
  566    5    4    2    2    5    3   53   97  576  556  565  784      1      0
  567    6    4    2    2    5    3   17   99  577  557  787  568      0      0
  568    6    4    2    2    5    3   21   99  578  558  567  569      0      0
  569    6    4    2    2    5    3   25   99  579  559  568  570      0      0
  570    6    4    2    2    5    3   29   99  580  560  569  571      0      0
  571    6    4    2    2    5    3   33   99  581  561  570  572      0      0
  572    6    4    2    2    5    3   37   99  582  562  571  573      0      0
  573    6    4    2    2    5    3   41   99  583  563  572  574      0      0
  574    6    4    2    2    5    3   45   99  584  564  573  575      0      0
  575    6    4    2    2    5    3   49   99  585  565  574  576      0      0
  576    5    4    2    2    5    3   53   99  586  566  575  788      1      0
  577    6    4    2    2    5    3   17  101  587  567  791  578      0      0
  578    6    4    2    2    5    3   21  101  588  568  577  579      0      0
  579    6    4    2    2    5    3   25  101  589  569  578  580      0      0
  580    6    4    2    2    5    3   29  101  590  570  579  581      0      0
  581    6    4    2    2    5    3   33  101  591  571  580  582      0      0
  582    6    4    2    2    5    3   37  101  592  572  581  583      0      0
  583    6    4    2    2    5    3   41  101  593  573  582  584      0      0
  584    6    4    2    2    5    3   45  101  594  574  583  585      0      0
  585    6    4    2    2    5    3   49  101  595  575  584  586      0      0
  586    5    4    2    2    5    3   53  101  596  576  585  792      1      0
  587    6    4    2    2    5    3   17  103  597  577  795  588      0      0
  588    6    4    2    2    5    3   21  103  598  578  587  589      0      0
  589    6    4    2    2    5    3   25  103  599  579  588  590      0      0
  590    6    4    2    2    5    3   29  103  600  580  589  591      0      0
  591    6    4    2    2    5    3   33  103  601  581  590  592      0      0
  592    6    4    2    2    5    3   37  103  602  582  591  593      0      0
  593    6    4    2    2    5    3   41  103  603  583  592  594      0      0
  594    6    4    2    2    5    3   45  103  604  584  593  595      0      0
  595    6    4    2    2    5    3   49  103  605  585  594  596      0      0
  596    5    4    2    2    5    3   53  103  606  586  595  796      1      0
  597    6    4    2    2    5    3   17  105  607  587  799  598      0      0
  598    6    4    2    2    5    3   21  105  608  588  597  599      0      0
  599    6    4    2    2    5    3   25  105  609  589  598  600      0      0
  600    6    4    2    2    5    3   29  105  610  590  599  601      0      0
  601    6    4    2    2    5    3   33  105  611  591  600  602      0      0
  602    6    4    2    2    5    3   37  105  612  592  601  603      0      0
  603    6    4    2    2    5    3   41  105  613  593  602  604      0      0
  604    6    4    2    2    5    3   45  105  614  594  603  605      0      0
  605    6    4    2    2    5    3   49  105  615  595  604  606      0      0
  606    5    4    2    2    5    3   53  105  616  596  605  800      1      0
  607    6    4    2    2    5    3   17  107  808  597  803  608      0      0
  608    6    4    2    2    5    3   21  107  617  598  607  609      0      0
  609    6    4    2    2    5    3   25  107  618  599  608  610      0      0
  610    6    4    2    2    5    3   29  107  619  600  609  611      0      0
  611    6    4    2    2    5    3   33  107  620  601  610  612      0      0
  612    6    4    2    2    5    3   37  107  621  602  611  613      0      0
  613    6    4    2    2    5    3   41  107  622  603  612  614      0      0
  614    6    4    2    2    5    3   45  107  623  604  613  615      0      0
  615    6    4    2    2    5    3   49  107  624  605  614  616      0      0
  616    5    4    2    2    5    3   53  107  625  606  615  804      1      0
  617    6    4    2    2    5    3   21  109  814  608  808  618      0      0
  618    6    4    2    2    5    3   25  109  626  609  617  619      0      0
  619    6    4    2    2    5    3   29  109  627  610  618  620      0      0
  620    6    4    2    2    5    3   33  109  628  611  619  621      0      0
  621    6    4    2    2    5    3   37  109  629  612  620  622      0      0
  622    6    4    2    2    5    3   41  109  630  613  621  623      0      0
  623    6    4    2    2    5    3   45  109  631  614  622  624      0      0
  624    6    4    2    2    5    3   49  109  632  615  623  625      0      0
  625    5    4    2    2    5    3   53  109  633  616  624  809      1      0
  626    6    4    2    2    5    3   25  111  821  618  814  627      0      0
  627    6    4    2    2    5    3   29  111  634  619  626  628      0      0
  628    6    4    2    2    5    3   33  111  635  620  627  629      0      0
  629    6    4    2    2    5    3   37  111  636  621  628  630      0      0
  630    6    4    2    2    5    3   41  111  637  622  629  631      0      0
  631    6    4    2    2    5    3   45  111  638  623  630  632      0      0
  632    6    4    2    2    5    3   49  111  639  624  631  633      0      0
  633    5    4    2    2    5    3   53  111  640  625  632  815      1      0
  634    6    4    2    2    5    3   29  113  641  627  821  635      0      0
  635    6    4    2    2    5    3   33  113  642  628  634  636      0      0
  636    6    4    2    2    5    3   37  113  643  629  635  637      0      0
  637    6    4    2    2    5    3   41  113  644  630  636  638      0      0
  638    6    4    2    2    5    3   45  113  645  631  637  639      0      0
  639    6    4    2    2    5    3   49  113  646  632  638  640      0      0
  640    5    4    2    2    5    3   53  113  647  633  639  822      1      0
  641    6    4    2    2    5    3   29  115  836  634  828  642      0      0
  642    6    4    2    2    5    3   33  115  648  635  641  643      0      0
  643    6    4    2    2    5    3   37  115  649  636  642  644      0      0
  644    6    4    2    2    5    3   41  115  650  637  643  645      0      0
  645    6    4    2    2    5    3   45  115  651  638  644  646      0      0
  646    6    4    2    2    5    3   49  115  652  639  645  647      0      0
  647    5    4    2    2    5    3   53  115  653  640  646  829      1      0
  648    6    4    2    2    5    3   33  117  654  642  836  649      0      0
  649    6    4    2    2    5    3   37  117  655  643  648  650      0      0
  650    6    4    2    2    5    3   41  117  656  644  649  651      0      0
  651    6    4    2    2    5    3   45  117  657  645  650  652      0      0
  652    6    4    2    2    5    3   49  117  658  646  651  653      0      0
  653    5    4    2    2    5    3   53  117  659  647  652  837      1      0
  654    6    4    1    2    5    4   33  119   -1  648   -1  655     -1      1
  655    6    4    2    2    5    3   37  119  660  649  654  656      0      0
  656    6    4    2    2    5    3   41  119  661  650  655  657      0      0
  657    6    4    2    2    5    3   45  119  662  651  656  658      0      0
  658    6    4    2    2    5    3   49  119  663  652  657  659      0      0
  659    5    4    2    2    5    3   53  119  664  653  658   -1      1      0
  660    6    4    1    2    5    4   37  121   -1  655   -1  661     -1      1
  661    6    4    2    2    5    4   41  121   -1  656  660  662      0      1
  662    6    4    2    2    5    4   45  121   -1  657  661  663      0      1
  663    6    4    2    2    5    4   49  121   -1  658  662  664      0      1
  664    5    4    2    2    5    4   53  121   -1  659  663   -1      1      1
  665    6    4    1    1    5    3    1    1  670   -1   -1  666     -1     -1
  666    6    4    2    1    5    3    5    1  671   -1  665  667      0     -1
  667    6    4    2    1    5    3    9    1  672   -1  666  668      0     -1
  668    6    4    2    1    5    3   13    1  673   -1  667  669      0     -1
  669    6    4    2    1    5    3   17    1  674   -1  668    0      0     -1
  670    6    4    1    2    5    3    1    3  675  665    8  671     -1      0
  671    6    4    2    2    5    3    5    3  676  666  670  672      0      0
  672    6    4    2    2    5    3    9    3  677  667  671  673      0      0
  673    6    4    2    2    5    3   13    3  678  668  672  674      0      0
  674    6    4    2    2    5    3   17    3  679  669  673    9      0      0
  675    6    4    1    2    5    3    1    5  680  670   17  676     -1      0
  676    6    4    2    2    5    3    5    5  681  671  675  677      0      0
  677    6    4    2    2    5    3    9    5  682  672  676  678      0      0
  678    6    4    2    2    5    3   13    5  683  673  677  679      0      0
  679    6    4    2    2    5    3   17    5  684  674  678   18      0      0
  680    6    4    1    2    5    3    1    7  686  675   26  681     -1      0
  681    6    4    2    2    5    3    5    7  687  676  680  682      0      0
  682    6    4    2    2    5    3    9    7  688  677  681  683      0      0
  683    6    4    2    2    5    3   13    7  689  678  682  684      0      0
  684    6    4    2    2    5    3   17    7  690  679  683  685      0      0
  685    6    4    2    2    5    3   21    7  691   18  684   27      0      0
  686    6    4    1    2    5    3    1    9  692  680   34  687     -1      0
  687    6    4    2    2    5    3    5    9  693  681  686  688      0      0
  688    6    4    2    2    5    3    9    9  694  682  687  689      0      0
  689    6    4    2    2    5    3   13    9  695  683  688  690      0      0
  690    6    4    2    2    5    3   17    9  696  684  689  691      0      0
  691    6    4    2    2    5    3   21    9   43  685  690   35      0      0
  692    6    4    1    2    5    3    1   11  697  686   42  693     -1      0
  693    6    4    2    2    5    3    5   11  698  687  692  694      0      0
  694    6    4    2    2    5    3    9   11  699  688  693  695      0      0
  695    6    4    2    2    5    3   13   11  700  689  694  696      0      0
  696    6    4    2    2    5    3   17   11  701  690  695   43      0      0
  697    6    4    1    2    5    3    1   13  702  692   51  698     -1      0
  698    6    4    2    2    5    3    5   13  703  693  697  699      0      0
  699    6    4    2    2    5    3    9   13  704  694  698  700      0      0
  700    6    4    2    2    5    3   13   13  705  695  699  701      0      0
  701    6    4    2    2    5    3   17   13   61  696  700   52      0      0
  702    6    4    1    2    5    3    1   15  706  697   60  703     -1      0
  703    6    4    2    2    5    3    5   15  707  698  702  704      0      0
  704    6    4    2    2    5    3    9   15  708  699  703  705      0      0
  705    6    4    2    2    5    3   13   15   71  700  704   61      0      0
  706    6    4    1    2    5    3    1   17  709  702   70  707     -1      0
  707    6    4    2    2    5    3    5   17  710  703  706  708      0      0
  708    6    4    2    2    5    3    9   17  711  704  707   71      0      0
  709    6    4    1    2    5    3    1   19  712  706   81  710     -1      0
  710    6    4    2    2    5    3    5   19  713  707  709  711      0      0
  711    6    4    2    2    5    3    9   19  714  708  710   82      0      0
  712    6    4    1    2    5    3    1   21  715  709   92  713     -1      0
  713    6    4    2    2    5    3    5   21  716  710  712  714      0      0
  714    6    4    2    2    5    3    9   21  717  711  713   93      0      0
  715    6    4    1    2    5    3    1   23  718  712  103  716     -1      0
  716    6    4    2    2    5    3    5   23  719  713  715  717      0      0
  717    6    4    2    2    5    3    9   23  720  714  716  104      0      0
  718    6    4    1    2    5    3    1   25  721  715  114  719     -1      0
  719    6    4    2    2    5    3    5   25  722  716  718  720      0      0
  720    6    4    2    2    5    3    9   25  723  717  719  115      0      0
  721    6    4    1    2    5    3    1   27  724  718  125  722     -1      0
  722    6    4    2    2    5    3    5   27  725  719  721  723      0      0
  723    6    4    2    2    5    3    9   27  726  720  722  126      0      0
  724    6    4    1    2    5    3    1   29  727  721  136  725     -1      0
  725    6    4    2    2    5    3    5   29  728  722  724  726      0      0
  726    6    4    2    2    5    3    9   29  148  723  725  137      0      0
  727    6    4    1    2    5    3    1   31  729  724  147  728     -1      0
  728    6    4    2    2    5    3    5   31  730  725  727  148      0      0
  729    6    4    1    2    5    3    1   33  731  727  159  730     -1      0
  730    6    4    2    2    5    3    5   33  732  728  729  160      0      0
  731    6    4    1    2    5    3    1   35  733  729  171  732     -1      0
  732    6    4    2    2    5    3    5   35  734  730  731  172      0      0
  733    6    4    1    2    5    3    1   37  735  731  183  734     -1      0
  734    6    4    2    2    5    3    5   37  736  732  733  184      0      0
  735    6    4    1    2    5    3    1   39  737  733  195  736     -1      0
  736    6    4    2    2    5    3    5   39  738  734  735  196      0      0
  737    6    4    1    2    5    3    1   41  739  735  207  738     -1      0
  738    6    4    2    2    5    3    5   41  740  736  737  208      0      0
  739    6    4    1    2    5    3    1   43  741  737  219  740     -1      0
  740    6    4    2    2    5    3    5   43  742  738  739  220      0      0
  741    6    4    1    2    5    3    1   45  743  739  231  742     -1      0
  742    6    4    2    2    5    3    5   45  744  740  741  232      0      0
  743    6    4    1    2    5    3    1   47  745  741  243  744     -1      0
  744    6    4    2    2    5    3    5   47  746  742  743  244      0      0
  745    6    4    1    2    5    3    1   49  747  743  255  746     -1      0
  746    6    4    2    2    5    3    5   49  748  744  745  256      0      0
  747    6    4    1    2    5    3    1   51  749  745  267  748     -1      0
  748    6    4    2    2    5    3    5   51  750  746  747  268      0      0
  749    6    4    1    2    5    3    1   53  751  747  279  750     -1      0
  750    6    4    2    2    5    3    5   53  752  748  749  280      0      0
  751    6    4    1    2    5    3    1   55  753  749  291  752     -1      0
  752    6    4    2    2    5    3    5   55  754  750  751  292      0      0
  753    6    4    1    2    5    3    1   57  755  751  303  754     -1      0
  754    6    4    2    2    5    3    5   57  316  752  753  304      0      0
  755    6    4    1    2    5    3    1   59  329  753  315  316     -1      0
  756    6    4    1    2    5    3    1   71  757  385  398  399     -1      0
  757    6    4    1    2    5    3    1   73  758  756  411  412     -1      0
  758    6    4    1    2    5    3    1   75  759  757  424  425     -1      0
  759    6    4    1    2    5    3    1   77  760  758  437  438     -1      0
  760    6    4    1    2    5    3    1   79  761  759  450  451     -1      0
  761    6    4    1    2    5    3    1   81  762  760  463  464     -1      0
  762    6    4    1    2    5    3    1   83  764  761  476  763     -1      0
  763    6    4    2    2    5    3    5   83  765  464  762  477      0      0
  764    6    4    1    2    5    3    1   85  766  762  488  765     -1      0
  765    6    4    2    2    5    3    5   85  767  763  764  489      0      0
  766    6    4    1    2    5    3    1   87  768  764  500  767     -1      0
  767    6    4    2    2    5    3    5   87  769  765  766  501      0      0
  768    6    4    1    2    5    3    1   89  771  766  512  769     -1      0
  769    6    4    2    2    5    3    5   89  772  767  768  770      0      0
  770    6    4    2    2    5    3    9   89  773  501  769  513      0      0
  771    6    4    1    2    5    3    1   91  774  768  523  772     -1      0
  772    6    4    2    2    5    3    5   91  775  769  771  773      0      0
  773    6    4    2    2    5    3    9   91  776  770  772  524      0      0
  774    6    4    1    2    5    3    1   93  777  771  534  775     -1      0
  775    6    4    2    2    5    3    5   93  778  772  774  776      0      0
  776    6    4    2    2    5    3    9   93  779  773  775  535      0      0
  777    6    4    1    2    5    3    1   95  780  774  545  778     -1      0
  778    6    4    2    2    5    3    5   95  781  775  777  779      0      0
  779    6    4    2    2    5    3    9   95  782  776  778  546      0      0
  780    6    4    1    2    5    3    1   97  784  777  556  781     -1      0
  781    6    4    2    2    5    3    5   97  785  778  780  782      0      0
  782    6    4    2    2    5    3    9   97  786  779  781  783      0      0
  783    6    4    2    2    5    3   13   97  787  546  782  557      0      0
  784    6    4    1    2    5    3    1   99  788  780  566  785     -1      0
  785    6    4    2    2    5    3    5   99  789  781  784  786      0      0
  786    6    4    2    2    5    3    9   99  790  782  785  787      0      0
  787    6    4    2    2    5    3   13   99  791  783  786  567      0      0
  788    6    4    1    2    5    3    1  101  792  784  576  789     -1      0
  789    6    4    2    2    5    3    5  101  793  785  788  790      0      0
  790    6    4    2    2    5    3    9  101  794  786  789  791      0      0
  791    6    4    2    2    5    3   13  101  795  787  790  577      0      0
  792    6    4    1    2    5    3    1  103  796  788  586  793     -1      0
  793    6    4    2    2    5    3    5  103  797  789  792  794      0      0
  794    6    4    2    2    5    3    9  103  798  790  793  795      0      0
  795    6    4    2    2    5    3   13  103  799  791  794  587      0      0
  796    6    4    1    2    5    3    1  105  800  792  596  797     -1      0
  797    6    4    2    2    5    3    5  105  801  793  796  798      0      0
  798    6    4    2    2    5    3    9  105  802  794  797  799      0      0
  799    6    4    2    2    5    3   13  105  803  795  798  597      0      0
  800    6    4    1    2    5    3    1  107  804  796  606  801     -1      0
  801    6    4    2    2    5    3    5  107  805  797  800  802      0      0
  802    6    4    2    2    5    3    9  107  806  798  801  803      0      0
  803    6    4    2    2    5    3   13  107  807  799  802  607      0      0
  804    6    4    1    2    5    3    1  109  809  800  616  805     -1      0
  805    6    4    2    2    5    3    5  109  810  801  804  806      0      0
  806    6    4    2    2    5    3    9  109  811  802  805  807      0      0
  807    6    4    2    2    5    3   13  109  812  803  806  808      0      0
  808    6    4    2    2    5    3   17  109  813  607  807  617      0      0
  809    6    4    1    2    5    3    1  111  815  804  625  810     -1      0
  810    6    4    2    2    5    3    5  111  816  805  809  811      0      0
  811    6    4    2    2    5    3    9  111  817  806  810  812      0      0
  812    6    4    2    2    5    3   13  111  818  807  811  813      0      0
  813    6    4    2    2    5    3   17  111  819  808  812  814      0      0
  814    6    4    2    2    5    3   21  111  820  617  813  626      0      0
  815    6    4    1    2    5    3    1  113  822  809  633  816     -1      0
  816    6    4    2    2    5    3    5  113  823  810  815  817      0      0
  817    6    4    2    2    5    3    9  113  824  811  816  818      0      0
  818    6    4    2    2    5    3   13  113  825  812  817  819      0      0
  819    6    4    2    2    5    3   17  113  826  813  818  820      0      0
  820    6    4    2    2    5    3   21  113  827  814  819  821      0      0
  821    6    4    2    2    5    3   25  113  828  626  820  634      0      0
  822    6    4    1    2    5    3    1  115  829  815  640  823     -1      0
  823    6    4    2    2    5    3    5  115  830  816  822  824      0      0
  824    6    4    2    2    5    3    9  115  831  817  823  825      0      0
  825    6    4    2    2    5    3   13  115  832  818  824  826      0      0
  826    6    4    2    2    5    3   17  115  833  819  825  827      0      0
  827    6    4    2    2    5    3   21  115  834  820  826  828      0      0
  828    6    4    2    2    5    3   25  115  835  821  827  641      0      0
  829    6    4    1    2    5    3    1  117  837  822  647  830     -1      0
  830    6    4    2    2    5    3    5  117  838  823  829  831      0      0
  831    6    4    2    2    5    3    9  117  839  824  830  832      0      0
  832    6    4    2    2    5    4   13  117   -1  825  831  833      0      1
  833    6    4    2    2    5    4   17  117   -1  826  832  834      0      1
  834    6    4    2    2    5    4   21  117   -1  827  833  835      0      1
  835    6    4    2    2    5    4   25  117   -1  828  834  836      0      1
  836    6    4    2    2    5    4   29  117   -1  641  835  648      0      1
  837    6    4    1    2    5    4    1  119   -1  829  653  838     -1      1
  838    6    4    2    2    5    4    5  119   -1  830  837  839      0      1
  839    6    4    2    2    6    4    9  119   -1  831  838   -1      1      1
